0 1
0 2
0 3
0 8
0 10
0 50
0 75
0 79
0 84
1 0
1 2
1 3
1 6
1 6
1 7
1 11
1 12
1 17
1 20
1 24
1 25
1 33
1 43
1 49
1 55
1 56
1 62
1 69
1 78
1 83
1 90
1 102
1 105
1 111
1 115
1 118
1 133
1 138
1 149
1 155
1 158
1 166
1 177
2 0
2 1
2 4
2 13
2 14
2 19
2 30
2 34
2 34
2 35
2 45
2 45
2 48
2 49
2 51
2 56
2 60
2 61
2 63
2 74
2 76
2 92
2 108
2 110
2 123
2 128
2 131
2 136
2 143
2 153
2 169
2 171
2 174
2 181
2 188
2 193
3 0
3 1
3 4
3 5
3 27
3 38
3 42
3 48
3 63
3 66
3 82
3 94
3 160
3 192
4 2
4 3
4 5
4 12
4 15
4 18
4 21
4 21
4 26
4 36
4 37
4 39
4 40
4 42
4 81
4 86
4 91
4 124
4 126
4 148
4 159
4 178
5 3
5 4
5 9
5 98
5 139
5 165
5 184
6 1
6 1
6 7
6 8
6 9
6 10
6 26
6 55
6 70
6 95
6 96
6 130
6 143
6 147
7 6
7 1
7 35
7 98
8 6
8 0
9 6
9 5
9 11
9 13
9 14
9 15
9 17
9 22
9 28
9 30
9 66
9 67
9 68
9 77
9 93
9 122
9 173
10 6
10 0
10 109
11 1
11 9
11 41
11 44
11 53
11 62
11 74
11 78
11 85
11 89
11 129
11 154
11 172
11 196
12 1
12 4
12 16
12 16
12 20
12 23
12 27
12 57
12 58
12 68
12 75
12 144
12 153
12 157
12 173
12 180
12 194
12 195
12 197
13 9
13 2
13 40
13 54
13 71
13 123
13 142
13 162
14 2
14 9
14 18
14 124
14 128
15 9
15 4
15 28
15 60
15 119
15 160
16 12
16 12
16 22
16 23
16 25
16 29
16 32
16 46
16 87
16 112
16 113
16 121
16 125
16 138
16 169
16 176
16 192
17 1
17 9
17 19
17 38
17 65
17 80
17 92
17 108
17 168
17 186
18 4
18 14
18 33
19 2
19 17
19 31
19 57
19 77
19 88
19 104
19 121
19 140
19 156
19 196
20 1
20 12
20 37
20 41
20 103
21 4
21 4
22 9
22 16
23 16
23 12
23 24
23 72
23 95
24 1
24 23
24 29
24 117
25 16
25 1
25 71
25 80
25 99
26 4
26 6
26 72
26 84
26 107
26 131
26 137
26 141
26 166
27 3
27 12
27 44
27 87
27 105
27 134
27 145
28 9
28 15
28 32
28 79
28 111
29 24
29 16
29 67
29 193
30 9
30 2
30 31
30 59
30 81
30 102
30 130
30 139
30 141
31 19
31 30
31 73
31 154
32 28
32 16
32 94
32 152
33 18
33 1
34 2
34 2
35 7
35 2
35 168
36 4
36 36
36 36
36 43
36 52
36 64
36 86
36 97
36 101
36 125
36 137
36 152
36 177
36 198
37 4
37 20
37 39
37 46
37 47
37 50
37 52
37 64
37 69
37 118
37 174
37 191
38 17
38 3
39 4
39 37
39 101
40 13
40 4
40 85
41 20
41 11
41 155
42 4
42 3
42 114
42 133
43 1
43 36
44 27
44 11
44 47
44 175
44 175
44 185
45 2
45 2
45 54
45 65
46 16
46 37
47 44
47 37
47 114
47 172
48 3
48 2
48 51
48 58
48 93
48 126
48 183
49 2
49 1
49 70
49 167
50 0
50 37
50 132
51 48
51 2
52 36
52 37
52 53
52 61
52 89
52 119
52 149
52 150
53 11
53 52
53 132
53 170
53 187
54 45
54 13
54 100
54 100
54 109
54 115
55 1
55 6
55 135
56 1
56 2
57 19
57 12
57 59
57 73
57 96
57 151
57 176
57 181
58 12
58 48
59 57
59 30
60 15
60 2
60 144
60 164
60 165
61 2
61 52
61 82
61 110
61 112
61 117
62 1
62 11
62 120
63 2
63 3
64 36
64 37
64 107
65 17
65 45
65 148
65 158
66 9
66 3
67 9
67 29
67 103
67 190
68 12
68 9
68 104
68 129
68 135
69 1
69 37
69 90
69 106
69 116
70 49
70 6
70 83
71 25
71 13
72 26
72 23
72 76
72 99
72 122
72 134
72 142
72 156
73 57
73 31
74 2
74 11
74 180
75 0
75 12
75 186
76 2
76 72
77 19
77 9
77 113
77 161
78 11
78 1
79 0
79 28
79 179
79 182
80 25
80 17
81 4
81 30
82 61
82 3
82 88
82 163
83 1
83 70
83 157
83 167
83 189
84 0
84 26
84 127
85 11
85 40
85 136
86 36
86 4
86 97
87 27
87 16
87 164
87 184
88 82
88 19
89 52
89 11
90 69
90 1
90 91
90 140
90 179
91 4
91 90
91 116
91 147
91 183
92 17
92 2
93 9
93 48
94 32
94 3
94 190
95 6
95 23
96 57
96 6
97 86
97 36
97 182
97 199
98 5
98 7
99 25
99 72
99 191
100 54
100 54
100 197
101 36
101 39
101 120
101 146
102 1
102 30
103 67
103 20
104 68
104 19
104 106
104 159
105 27
105 1
106 104
106 69
107 26
107 64
107 162
108 17
108 2
109 54
109 10
110 61
110 2
110 161
111 1
111 28
112 16
112 61
113 77
113 16
114 47
114 42
115 54
115 1
115 145
115 199
116 69
116 91
117 61
117 24
117 151
117 187
118 37
118 1
119 15
119 52
120 101
120 62
121 16
121 19
122 72
122 9
122 189
123 13
123 2
123 127
124 4
124 14
124 170
125 16
125 36
125 185
126 48
126 4
127 84
127 123
127 150
127 195
128 2
128 14
129 68
129 11
130 6
130 30
131 2
131 26
132 53
132 50
133 1
133 42
134 72
134 27
135 68
135 55
135 163
136 85
136 2
137 26
137 36
138 16
138 1
139 5
139 30
140 90
140 19
141 26
141 30
141 188
142 72
142 13
142 146
143 6
143 2
144 60
144 12
145 115
145 27
146 142
146 101
147 6
147 91
148 65
148 4
149 1
149 52
149 171
150 127
150 52
151 57
151 117
152 32
152 36
153 2
153 12
154 31
154 11
155 41
155 1
156 19
156 72
157 12
157 83
158 65
158 1
159 4
159 104
160 3
160 15
161 110
161 77
162 107
162 13
163 82
163 135
163 178
164 87
164 60
165 60
165 5
166 1
166 26
167 83
167 49
168 35
168 17
169 16
169 2
170 124
170 53
171 149
171 2
172 11
172 47
173 9
173 12
174 37
174 2
175 44
175 44
176 57
176 16
177 36
177 1
177 198
178 163
178 4
179 79
179 90
180 12
180 74
181 57
181 2
182 97
182 79
183 91
183 48
184 5
184 87
185 44
185 125
186 75
186 17
187 53
187 117
187 194
188 141
188 2
189 83
189 122
190 67
190 94
191 99
191 37
192 3
192 16
193 29
193 2
194 12
194 187
195 12
195 127
196 19
196 11
197 12
197 100
198 177
198 36
199 115
199 97
