0 3
0 112
0 121
1 18
1 93
3 0
5 19
5 122
5 189
6 73
8 186
10 162
11 55
11 61
11 146
11 187
12 61
13 149
14 99
15 18
15 169
16 46
16 126
16 168
17 114
17 160
17 190
18 1
18 15
18 28
18 88
18 102
18 182
19 5
19 101
20 121
21 119
21 138
22 96
23 26
23 72
23 123
23 140
24 86
24 141
24 150
25 44
25 60
25 168
25 191
26 23
26 143
27 172
28 18
29 107
30 66
30 76
30 98
30 153
31 45
31 192
33 105
34 128
34 194
35 39
36 193
37 85
39 35
40 54
40 113
40 186
41 141
41 142
41 165
42 130
44 25
44 51
45 31
45 61
45 124
46 16
46 194
47 62
47 192
48 115
48 173
49 137
50 105
50 168
51 44
51 87
51 90
52 88
53 112
54 40
55 11
57 113
57 148
57 199
58 62
58 94
58 169
59 166
59 167
60 25
60 91
60 136
60 199
61 11
61 12
61 45
61 138
61 147
61 174
62 47
62 58
62 96
62 142
63 156
64 167
65 135
66 30
68 167
70 94
71 92
71 94
71 125
71 132
72 23
72 124
72 140
73 6
73 151
76 30
76 80
77 107
78 156
79 132
79 139
80 76
80 165
80 194
82 95
82 130
82 182
83 157
85 37
85 98
85 105
85 195
86 24
87 51
87 95
87 118
87 151
87 157
87 176
88 18
88 52
88 95
88 155
90 51
90 116
90 152
91 60
91 146
91 186
92 71
92 154
93 1
93 118
93 123
93 137
94 58
94 70
94 71
94 128
95 82
95 87
95 88
95 118
96 22
96 62
97 102
98 30
98 85
98 132
99 14
99 108
100 138
101 19
102 18
102 97
102 155
103 192
105 33
105 50
105 85
105 165
106 177
107 29
107 77
108 99
108 129
108 184
110 176
112 0
112 53
113 40
113 57
114 17
115 48
115 153
116 90
116 198
118 87
118 93
118 95
119 21
120 154
120 176
121 0
121 20
122 5
122 172
123 23
123 93
123 198
124 45
124 72
124 192
125 71
126 16
127 163
127 196
128 34
128 94
129 108
129 171
130 42
130 82
130 134
130 164
131 165
132 71
132 79
132 98
134 130
134 192
135 65
135 159
135 161
136 60
137 49
137 93
138 21
138 61
138 100
138 187
139 79
139 150
139 167
140 23
140 72
140 176
141 24
141 41
142 41
142 62
142 178
143 26
145 153
146 11
146 91
146 188
147 61
147 161
148 57
149 13
149 174
150 24
150 139
150 158
150 167
151 73
151 87
151 180
152 90
153 30
153 115
153 145
154 92
154 120
155 88
155 102
156 63
156 78
157 83
157 87
158 150
159 135
160 17
160 171
161 135
161 147
162 10
163 127
163 182
164 130
165 41
165 80
165 105
165 131
166 59
167 59
167 64
167 68
167 139
167 150
167 197
168 16
168 25
168 50
169 15
169 58
171 129
171 160
172 27
172 122
173 48
173 179
173 182
173 198
174 61
174 149
175 183
176 87
176 110
176 120
176 140
177 106
178 142
179 173
180 151
182 18
182 82
182 163
182 173
183 175
184 108
184 187
185 199
186 8
186 40
186 91
187 11
187 138
187 184
188 146
189 5
190 17
191 25
192 31
192 47
192 103
192 124
192 134
192 198
193 36
194 34
194 46
194 80
195 85
196 127
197 167
198 116
198 123
198 173
198 192
199 57
199 60
199 185
