0.3673319350434756
0.31879800224494803
0.20548445155448666
0.3243143812743932
0.2175623065405921
0.3673319350434756
0.2836425369292691
0.45681656942852006
0.4019565093098994
0.4389700000326768
0.3634902690467802
0.5700226487800257
0.8998805958236618
0.41965510181053084
0.3266923949879268
0.6810749177489879
0.7259514890666869
0.6221699690614755
0.845899113150504
0.14882698720146595
0.2981175104010575
0.8469811071123275
0.8004170350155205
0.5840506934572554
0.5917341569486645
0.11746181980662633
0.1068701585203418
0.3243143812743932
0.14882698720146595
0.8015332248638253
0.6347096826399037
0.36974070046390495
0.6437941050652913
0.2836425369292691
0.1775336122297713
0.5410148920348715
0.43893713979058596
0.4373468343114913
0.5261112779419707
0.6483091365793265
0.28529905781300635
1.1996427569531736
0.6865789145147667
0.7119042830238191
0.4128830028233705
0.4014325793863748
0.4602369209347428
0.7816347242021873
0.8464349702690821
0.33674862161705754
0.6483091365793265
0.5560315329355225
0.13720593078169727
0.8015332248638253
0.9916812761886586
0.5785352421879731
0.3848575000253405
0.6840074046294088
0.3087319482686863
0.07157138760290803
0.7105177817960383
0.805084102515189
0.6806110249255782
0.15276902715905633
0.21351742297667203
0.7959084154345856
0.5711977282377059
0.21351742297667203
0.6448162527199153
0.2606533611503285
0.3257387096453833
0.30482116507138424
0.22979124670707793
0.08155572535237152
0.8424663854225554
0.4602369209347428
0.8563285211318009
0.07157138760290803
0.5541369531101532
0.3074165291291962
0.8469811071123275
0.3783306805908759
0.4803507176913271
0.8032185666004883
0.3462473608597843
0.4791862995221464
0.36796126953108765
1.0359803600250885
1.2887832614760173
0.8563285211318009
0.8499849179952554
0.9712435111615625
0.8608827027253063
0.8507214303245678
0.6448162527199153
0.8998805958236618
0.6486178923575736
0.8681442072116045
0.8719573809813032
0.31342909141725256
0.9505037797442983
0.9341429402560576
1.1156973026739696
0.8328137235581724
0.7816347242021873
0.9044827755095742
0.4674432373242074
0.6734022657042428
0.41965510181053084
0.7259514890666869
0.5541369531101532
0.2717494915111484
0.20371823623809995
0.4739225821727598
0.4803507176913271
0.31342909141725256
0.584220131932065
0.1647808127638065
1.0214663349915634
0.6849921153846538
0.12558176975687135
0.5785352421879731
0.49598378261031423
0.2464445819970443
0.24425350663203504
0.5832762609068871
0.5295073458057726
0.9909461023025148
0.28529905781300635
0.6892305010952078
0.47058780617680224
0.4389700000326768
0.6605981646753862
0.3848575000253405
0.5159442432896977
0.5963467629858296
0.24567215019696861
1.0095957646825038
0.3377547719356516
0.5159442432896977
0.6190586127917325
0.25488467672252885
0.13451107511736468
0.6932828482108774
0.6330021280211308
0.7946319520649849
0.5711977282377059
0.5336811752795184
0.39170853233412345
0.28068263391961573
0.7119042830238191
0.8499849179952554
0.6419730726214579
0.6717815619973164
0.838839721021063
0.43930262266728487
0.2804790938162231
0.6347096826399037
0.8608827027253063
0.5356713429839912
0.29800593316830964
0.9712435111615625
0.7077359432580268
0.25790932569410696
0.9044827755095742
0.4113323746669339
0.286572860218661
0.24425350663203504
0.24548994291547943
0.2175623065405921
1.0228588025138945
0.9008281509124841
0.7753519679668247
0.9505037797442983
0.2464445819970443
0.5832762609068871
0.8295784443535416
0.13451107511736468
0.6419730726214579
0.5356713429839912
0.4017401577448307
0.5261112779419707
0.584220131932065
0.9631539099543132
0.6840074046294088
0.5336811752795184
0.18976248673589485
0.845899113150504
0.4372718253141479
0.30143083902819734
0.1775336122297713
0.36974070046390495
0.9631539099543132
0.7840926061587468
0.3179491422158698
0.805084102515189
1.0359803600250885
0.39170853233412345
0.6826422770293967
0.3577674439023641
0.9916812761886586
0.5963467629858296
0.4372718253141479
0.7263267556565838
0.6300861179653829
0.7435551494827328
0.31879800224494803
0.8507214303245678
0.2606533611503285
0.6486178923575736
0.5917341569486645
0.3462473608597843
0.4539256147117099
0.7077359432580268
0.43505479194684654
0.6717815619973164
1.0228588025138945
0.4017401577448307
0.43893713979058596
1.102242555874773
0.5976005493431815
0.20548445155448666
0.5410148920348715
0.45681656942852006
0.2570372509814485
1.1996427569531736
0.9008281509124841
0.7610533939642825
0.3074165291291962
0.6892305010952078
0.4144636829909593
0.5295073458057726
0.8004170350155205
0.14730792553371516
0.3235267706775852
0.6806110249255782
0.8295784443535416
0.7263267556565838
0.07207231745027763
0.8424663854225554
0.6932828482108774
0.45663320644298167
0.649366385479639
0.462741259944022
0.9909461023025148
1.0095957646825038
0.18976248673589485
0.45663320644298167
0.7985099765450157
0.12558176975687135
0.5129859451351098
0.4907183822276404
0.4674432373242074
0.36796126953108765
0.7753519679668247
0.4373468343114913
0.2717494915111484
0.30143083902819734
0.6866911364657637
0.3377547719356516
0.9243947957522765
0.7118455644159071
0.6865789145147667
0.47058780617680224
0.7329568073533742
0.4128830028233705
0.30482116507138424
0.22979124670707793
0.1647808127638065
0.37432080479991153
0.5560315329355225
0.23996905758383844
0.3266923949879268
0.4113323746669339
0.33760702429452516
0.20371823623809995
0.5346836004147003
0.8681442072116045
0.6221699690614755
0.7588996474472108
0.4014325793863748
0.9243947957522765
0.8001508243418542
0.22490289063872487
0.6605981646753862
0.838839721021063
0.8020609644463809
0.25790932569410696
0.3087319482686863
0.4539256147117099
0.23996905758383844
0.24548994291547943
1.102242555874773
0.29800593316830964
0.7840926061587468
1.0214663349915634
0.24567215019696861
0.7946319520649849
0.43930262266728487
0.8001508243418542
0.5129859451351098
0.11746181980662633
0.4777678889571527
0.4907183822276404
0.5346836004147003
0.5700226487800257
0.14730792553371516
0.7277614845618945
0.649366385479639
0.08155572535237152
0.6190586127917325
0.6826422770293967
0.462741259944022
1.1156973026739696
0.8328137235581724
0.6849921153846538
0.49598378261031423
0.7118455644159071
0.22490289063872487
0.580942710244742
0.5840506934572554
0.8464349702690821
1.2887832614760173
0.2981175104010575
0.9341429402560576
0.07207231745027763
0.4777678889571527
0.13720593078169727
0.2570372509814485
0.4791862995221464
0.8482504696576934
0.45338997192273467
0.5632142770162003
0.4739225821727598
0.7588996474472108
0.04259806868061783
0.2804790938162231
0.7435551494827328
0.5976005493431815
0.7329568073533742
0.3577674439023641
0.37432080479991153
0.8482504696576934
0.8020609644463809
0.6437941050652913
0.6330021280211308
0.7277614845618945
0.45338997192273467
0.04259806868061783
0.6300861179653829
0.9085693068914403
0.9355039671344527
0.3634902690467802
0.3257387096453833
0.286572860218661
0.6810749177489879
0.6866911364657637
0.9085693068914403
0.33760702429452516
0.4019565093098994
0.1068701585203418
0.33674862161705754
0.7105177817960383
0.8032185666004883
0.3179491422158698
0.4144636829909593
0.7985099765450157
0.5981642721262462
0.7959084154345856
0.15276902715905633
0.3783306805908759
0.25488467672252885
0.28068263391961573
0.3235267706775852
0.580942710244742
0.43505479194684654
0.7610533939642825
0.5632142770162003
0.5981642721262462
0.8719573809813032
0.6734022657042428
0.9355039671344527
